1
20
4
21156
21124
21108
21100
21096
21092
21084
21064
21064
21048
21044
21040
21040
21020
20980
20960
20952
20948
20948
20944
2048
128
32
32
16
32
16
2
0
4
2
2
0
0
0
0
2048
128
32
16
16
32
16
16
0
4
2
2
0
0
0
0
2048
128
32
16
16
32
16
8
0
0
0
8
0
4
0
2
2048
128
32
16
16
32
16
8
0
0
4
4
0
0
0
2
2048
128
32
16
16
32
16
8
0
2
2
4
0
0
0
0
2048
128
32
16
16
32
16
8
2
2
2
0
0
0
0
0
2048
128
32
16
16
32
16
4
2
0
2
4
0
0
0
0
2048
128
32
16
16
32
8
2
0
0
8
2
0
0
2
4
2048
128
32
16
16
32
8
2
8
2
0
0
4
0
0
0
2048
128
32
16
16
32
4
4
4
4
2
0
0
0
4
0
2048
128
32
16
16
32
4
2
4
4
2
2
0
0
0
0
2048
128
32
16
16
32
4
2
2
4
2
0
2
0
0
0
2048
128
32
16
16
32
4
2
2
4
0
2
0
0
0
0
2048
128
32
16
8
32
2
0
8
0
0
0
2
4
2
2
2048
128
32
16
8
16
16
2
4
4
0
0
2
4
2
0
2048
128
32
16
8
16
8
8
2
2
4
0
2
4
2
0
2048
128
32
16
8
16
8
4
2
2
4
4
0
4
2
0
2048
128
32
16
8
16
8
4
2
2
4
2
0
0
2
2
2048
128
32
16
8
16
8
4
0
2
4
2
2
0
2
0
2048
128
32
16
8
16
8
2
0
2
4
2
0
0
2
2
