1
20
1
1196
1196
1184
1148
1132
1124
1124
1112
1088
1088
1088
1088
1084
1076
1072
1000
968
948
940
936
128
64
32
0
8
2
2
0
4
0
0
0
0
2
0
0
128
64
32
0
8
0
0
0
4
2
0
0
0
0
2
0
128
64
32
0
4
4
0
0
2
2
0
2
0
0
0
0
128
64
16
0
2
4
16
0
2
0
0
0
2
2
0
0
128
64
8
8
0
2
4
16
0
0
0
2
0
0
2
0
128
64
4
8
0
2
4
16
0
0
0
0
0
0
4
2
128
64
4
8
2
4
16
0
0
0
0
0
0
0
0
2
128
64
4
4
2
2
16
4
0
2
0
0
0
0
0
0
128
64
4
2
0
2
8
2
2
0
8
2
0
0
0
2
128
64
4
2
2
8
2
0
8
2
0
0
2
0
0
0
128
64
4
2
0
0
2
8
0
0
8
2
0
0
2
0
128
64
4
2
2
8
0
0
8
2
0
0
0
0
0
0
128
64
2
2
2
8
0
0
8
0
0
0
0
0
2
0
128
64
2
0
2
8
0
0
4
0
0
0
4
0
0
2
128
64
2
0
2
8
0
0
4
0
0
0
2
0
2
0
128
32
32
2
2
4
0
4
4
0
0
0
2
0
0
0
128
32
16
2
2
4
16
4
4
0
0
0
0
0
0
0
128
32
8
8
2
4
16
4
2
0
2
0
0
0
0
0
128
32
8
4
2
4
16
4
0
0
2
4
0
0
0
0
128
32
8
4
4
16
2
2
2
4
0
0
0
0
0
0
